mtllib materials.mtl
v 0.005021334 -0.05552375 0.04137222
v -0.007278323 -0.05789411 -0.03764108
v -0.1555359 -0.2002186 -0.01029273
v -0.1432363 -0.1978483 0.06872056
v 0.06222868 -0.0006059408 0.03081948
v 0.007675529 0.05751824 0.03756779
v 0.1555361 0.1994615 0.01029274
v 0.2100892 0.1413372 0.003544413
v 0.2089019 -0.1568801 0.01267599
v 0.1516944 -0.211798 0.02322878
v -0.04953182 0.002600431 0.04812053
v -0.06183147 0.0002299547 -0.03089276
v -0.2088573 0.1568801 -0.01270524
v -0.1965578 0.1592507 0.06630807
v 0.04992902 -0.002976418 -0.04819381
v -0.004624128 0.05514789 -0.0414455
v 0.1432364 0.1970911 -0.06872058
v 0.1977895 0.1389668 -0.07546888
v -0.15165 0.2117982 -0.02325797
v -0.1393504 0.2141683 0.05575535
v -0.2100891 -0.1420945 -0.003544405
v -0.1977894 -0.139724 0.07546888
v 0.1966022 -0.1592507 -0.06633729
v 0.1393949 -0.2141683 -0.05578456
vn 0.6819147 -0.7265512 -0.08435488
vn 0.1537455 0.02962985 0.9876661
vn 0.1537448 0.02963098 0.9876662
vn -0.7150913 -0.6864724 0.1319096
vn 0.1537455 0.02962998 0.9876661
vn -0.1537455 -0.02962998 -0.9876661
vn -0.6819149 0.7265511 0.08435431
vn -0.1537455 -0.02963001 -0.9876661
vn 0.6819144 -0.7265515 -0.08435425
vn 0.7150914 0.6864723 -0.1319092
vn -0.153746 -0.02962927 -0.9876661
vn 0.7150918 0.6864724 -0.1319076
vn 0.1537461 0.02962928 0.9876661
vn -0.6819139 0.7265521 0.08435388
vn -0.1537456 -0.02963002 -0.9876661
vn -0.6819147 0.7265513 0.08435374
vn 0.1537456 0.02963003 0.9876661
vn -0.7150914 -0.6864723 0.1319092
vn 0.7150909 0.6864727 -0.1319101
vn -0.1537447 -0.02963075 -0.9876662
vn -0.7150912 -0.6864727 0.1319085
vn 0.6819139 -0.7265521 -0.08435388
vt 0.007551075 0.03812982
vt -0.0003401493 0.03944458
vt -0.003747458 0.01899378
vt 0.004143764 0.01767901
vt 0.2278471 -0.02275689
vt 0.2354763 -0.02516392
vt 0.2416977 -0.005444892
vt 0.2340684 -0.003037861
vt 0.22544 -0.03038614
vt 0.2278471 -0.02275684
vt 0.2073347 -0.01628521
vt 0.2049277 -0.02391452
vt -0.1073554 -0.2058238
vt -0.1144296 -0.202088
vt -0.1244978 -0.2211536
vt -0.1174237 -0.2248894
vt 0.22544 -0.03038618
vt 0.2330693 -0.03279322
vt 0.2354764 -0.02516392
vt 0.2278471 -0.02275688
vt -0.22544 -0.03038618
vt -0.2278471 -0.02275689
vt -0.2354764 -0.02516392
vt -0.2330693 -0.03279322
vt -0.008865973 0.04602106
vt -0.000974749 0.04733582
vt -0.004372937 0.06773184
vt -0.01226416 0.06641708
vt -0.2354764 -0.02516392
vt -0.2278471 -0.02275689
vt -0.2340684 -0.003037855
vt -0.2416977 -0.005444885
vt 0.0009747207 0.04733567
vt 0.008865945 0.04602092
vt 0.01226413 0.06641693
vt 0.004372909 0.06773169
vt 0.1036199 -0.1987495
vt 0.1073557 -0.2058237
vt 0.1144299 -0.2020879
vt 0.1106941 -0.1950137
vt -0.2330693 -0.03279325
vt -0.2354763 -0.02516394
vt -0.256038 -0.03165113
vt -0.253631 -0.03928044
vt 0.1144308 -0.2020874
vt 0.1073566 -0.2058232
vt 0.117425 -0.2248887
vt 0.1244991 -0.2211529
vt 0.2354764 -0.02516395
vt 0.2330693 -0.03279325
vt 0.2536311 -0.03928045
vt 0.256038 -0.03165116
vt -0.007551233 0.03812948
vt 0.0003399909 0.03944423
vt -0.0009747733 0.04733548
vt -0.008865993 0.04602069
vt -0.22544 -0.03038618
vt -0.2330693 -0.03279322
vt -0.2268313 -0.05256521
vt -0.219202 -0.05015817
vt 0.0003398914 0.0394445
vt -0.007551333 0.03812975
vt -0.004144018 0.01767895
vt 0.003747207 0.0189937
vt 0.2330693 -0.03279322
vt 0.22544 -0.03038618
vt 0.219202 -0.05015817
vt 0.2268313 -0.05256521
vt -0.1036199 -0.1987495
vt -0.1106941 -0.1950137
vt -0.1144298 -0.2020879
vt -0.1073556 -0.2058237
vt 0.1036192 -0.1987498
vt 0.1106934 -0.195014
vt 0.1006493 -0.1759942
vt 0.09357516 -0.1797299
vt -0.2278471 -0.02275684
vt -0.2254401 -0.03038614
vt -0.2049277 -0.02391451
vt -0.2073347 -0.01628522
vt -0.1106943 -0.1950136
vt -0.1036201 -0.1987493
vt -0.09357595 -0.1797296
vt -0.1006501 -0.1759938
vt 0.007551243 0.03812949
vt 0.008866003 0.04602073
vt 0.0009747768 0.04733547
vt -0.0003399813 0.03944426
o group1828906264
g mesh1828906264
usemtl mat2
f 4/4/1 3/3/1 2/2/1 1/1/1
f 8/8/2 7/7/2 6/6/2 5/5/2
f 10/12/3 9/11/3 5/10/3 1/9/3
f 14/16/4 13/15/4 12/14/4 11/13/4
f 5/20/5 6/19/5 11/18/5 1/17/5
f 12/24/6 16/23/6 15/22/6 2/21/6
f 7/28/7 17/27/7 16/26/7 6/25/7
f 17/32/8 18/31/8 15/30/8 16/29/8
f 18/36/9 8/35/9 5/34/9 15/33/9
f 18/40/10 17/39/10 7/38/10 8/37/10
f 13/44/11 19/43/11 16/42/11 12/41/11
f 19/48/12 20/47/12 6/46/12 16/45/12
f 20/52/13 14/51/13 11/50/13 6/49/13
f 20/56/14 19/55/14 13/54/14 14/53/14
f 3/60/15 21/59/15 12/58/15 2/57/15
f 21/64/16 22/63/16 11/62/16 12/61/16
f 22/68/17 4/67/17 1/66/17 11/65/17
f 22/72/18 21/71/18 3/70/18 4/69/18
f 9/76/19 23/75/19 15/74/19 5/73/19
f 23/80/20 24/79/20 2/78/20 15/77/20
f 24/84/21 10/83/21 1/82/21 2/81/21
f 24/88/22 23/87/22 9/86/22 10/85/22
