mtllib materials.mtl
v 0.06759983 -0.03572214 -0.2327885
v 0.0675998 -0.03572214 -0.0253467
v 0.07196096 -0.03572226 -0.0253467
v 0.0719603 -0.03572214 -0.2327885
v -0.07193503 -0.03572202 -0.2327885
v -0.071935 0.0296849 -0.2327885
v -0.07629547 0.0296849 -0.2327885
v -0.07542339 -0.03746617 -0.2327885
v -0.06757456 -0.04444301 -0.2327885
v 0.06323937 -0.04444313 -0.2327885
v 0.06759983 0.0296849 -0.2327885
v -0.07193506 -0.03572202 -0.0253467
v -0.07193503 0.0296849 -0.0253467
v 0.0675998 0.0296849 -0.02534664
v -0.07542342 -0.03746629 -0.0253467
v 0.06323934 -0.04444361 -0.02534664
v -0.06757459 -0.04444361 -0.0253467
v -0.05885363 -0.04880345 -0.2327885
v 0.05015796 -0.04880357 -0.2327885
v -0.07106292 -0.04618716 -0.2327886
v 0.05015793 -0.04880404 -0.02534664
v -0.05885366 -0.04880404 -0.0253467
v 0.06672773 -0.04618728 -0.2327885
v -0.05885366 -0.05316293 -0.0253467
v 0.05190215 -0.05403614 -0.2327885
v -0.05885363 0.03840601 -0.02534664
v 0.0588789 0.03840601 -0.02534664
v -0.07629493 0.0296849 -0.02534664
v 0.05887893 0.03840578 -0.2327885
v -0.0588536 0.03840578 -0.2327885
v 0.06323951 0.03840566 -0.02534664
v 0.0632394 0.03840578 -0.2327885
v -0.05885363 0.04276621 -0.02534664
v 0.0588789 0.04276621 -0.02534664
v -0.0588536 0.04276633 -0.2327885
v 0.05887893 0.04276621 -0.2327885
v -0.06757456 0.04712677 -0.02534664
v 0.06323937 0.04712677 -0.02534664
v 0.0632394 0.04712677 -0.2327885
v -0.06757453 0.04712677 -0.2327885
v 0.06672773 0.04538262 -0.02534664
v 0.06672776 0.04538262 -0.2327885
v -0.07193503 0.05584776 -0.02534664
v 0.0675998 0.05584776 -0.02534664
v -0.07106289 0.04538262 -0.2327885
v -0.07106292 0.0453825 -0.0253467
v 0.06759986 0.05584764 -0.2327885
v -0.071935 0.05584776 -0.2327885
v 0.07196027 0.05584764 -0.02534664
v 0.07196033 0.05584764 -0.2327885
v -0.07193503 0.06456864 -0.0253467
v 0.06759983 0.06456864 -0.02534664
v 0.06759986 0.06456852 -0.2327885
v -0.071935 0.06456852 -0.2327885
v 0.07196033 0.06456852 -0.2327885
v -0.06321412 0.07328951 -0.02534664
v 0.05887887 0.07328951 -0.02534664
v 0.05887893 0.07328951 -0.2327885
v -0.06321406 0.07328951 -0.2327885
v 0.06089169 0.07630849 -0.02534664
v 0.06089148 0.07630825 -0.2327885
v -0.04577222 0.08201051 -0.02534664
v 0.0457975 0.08201039 -0.02534664
v -0.06757453 0.07764995 -0.2327885
v -0.06757459 0.07764995 -0.02534664
v 0.04579756 0.08201039 -0.2327885
v -0.04577219 0.08201051 -0.2327885
v 0.04694933 0.08604181 -0.02534664
v 0.04694939 0.08604181 -0.2327885
v -0.01960945 0.09073138 -0.02534664
v 0.01527426 0.09073138 -0.02534664
v -0.04838848 0.08724296 -0.2327885
v -0.04838854 0.0872432 -0.02534664
v 0.01527432 0.09073138 -0.2327885
v -0.01960942 0.09073138 -0.2327885
v 0.01527429 0.09509182 -0.02534664
v 0.01527429 0.09509182 -0.2327885
v -0.05885363 -0.05316401 -0.2327885
v 0.05015796 -0.05316401 -0.2327885
v 0.07196027 0.0296849 -0.02534664
v 0.07196033 0.0296849 -0.2327885
v 0.06323937 0.04276621 -0.02534664
v 0.0632394 0.04276621 -0.2327885
v 0.06672773 -0.04618716 -0.0253467
v 0.05190212 -0.05403495 -0.02534664
v -0.07106256 -0.04618645 -0.0253467
v -0.07629544 0.05584776 -0.2327885
v -0.0762955 0.05584788 -0.02534664
v -0.07629547 0.06892908 -0.2327885
v -0.07629564 0.06892896 -0.0253467
v -0.0213536 0.09596395 -0.2327885
v -0.02135363 0.09596395 -0.02534664
v 0.0719597 0.06456852 -0.02534664
v 0.0681144 -0.03134894 -0.02205557
v 0.06709644 -0.03631246 -0.005365908
v 0.07144946 -0.03639627 -0.005125344
v 0.07246742 -0.03143275 -0.021815
v -0.0711821 -0.02866518 -0.02975351
v -0.0710052 0.03402483 -0.0110988
v -0.07535821 0.03410876 -0.01133937
v -0.07466921 -0.03026974 -0.03044343
v -0.06685266 -0.03710771 -0.03200024
v 0.06373781 -0.03962374 -0.02478343
v 0.06829131 0.0313412 -0.003400862
v -0.07220003 -0.0336287 -0.01306385
v -0.07202315 0.02906132 0.005590916
v 0.06727335 0.02637768 0.0132888
v -0.07568717 -0.03523326 -0.01375371
v 0.06271985 -0.04458725 -0.008093774
v -0.06787062 -0.04207122 -0.01531059
v -0.05815843 -0.04145479 -0.03276277
v 0.05066696 -0.04355145 -0.02674878
v -0.07033977 -0.03871238 -0.03269017
v 0.049649 -0.04851496 -0.01005906
v -0.05917639 -0.04641831 -0.01607311
v 0.0672155 -0.04136264 -0.02508849
v -0.05918816 -0.05059767 -0.01731676
v 0.052394 -0.04860032 -0.02814496
v -0.0589405 0.03716838 0.008799851
v 0.05859089 0.034904 0.01529497
v -0.07637617 0.02914524 0.005350351
v 0.05960885 0.03986752 -0.001394689
v -0.05792257 0.0421319 -0.007889807
v 0.06294394 0.0348202 0.01553553
v 0.06396186 0.0397836 -0.001154125
v -0.05892873 0.04134774 0.0100435
v 0.05860269 0.03908336 0.01653862
v -0.05791077 0.04631126 -0.006646156
v 0.05962065 0.04404688 -0.0001510382
v -0.06762296 0.04569483 0.01080602
v 0.06296751 0.0431788 0.01802289
v 0.06398547 0.04814231 0.001333177
v -0.066605 0.05065835 -0.005883634
v 0.0664452 0.04144001 0.01771784
v 0.06746316 0.04640353 0.00102818
v -0.0719524 0.05413735 0.01305276
v 0.0673441 0.05145371 0.0207507
v -0.07009214 0.04905367 -0.006573558
v -0.07111007 0.04409015 0.01011616
v 0.06836206 0.05641711 0.004061043
v -0.07093444 0.05910087 -0.003636897
v 0.07169712 0.05136979 0.02099127
v 0.07271504 0.0563333 0.004301608
v -0.0719288 0.06249595 0.01554006
v 0.0673677 0.05981231 0.023238
v 0.06838566 0.06477571 0.006548285
v -0.07091084 0.06745946 -0.001149654
v 0.07273865 0.0646919 0.00678885
v -0.06319919 0.07068694 0.01850849
v 0.05868524 0.06833875 0.02524418
v 0.0597032 0.07330215 0.008554518
v -0.06218123 0.07565045 0.001818776
v 0.0607025 0.07119334 0.02621621
v 0.06172046 0.07615685 0.009526491
v -0.04576352 0.0787102 0.02195805
v 0.0456498 0.076949 0.02700979
v -0.06652248 0.07991362 0.002821863
v -0.06754041 0.07495022 0.01951158
v 0.04666772 0.08191252 0.01032013
v -0.04474559 0.08367372 0.005268335
v 0.04681054 0.08079076 0.0282231
v 0.0478285 0.08575428 0.01153344
v -0.01962185 0.08656561 0.02588868
v 0.01520225 0.0858947 0.0278132
v -0.04734322 0.08873916 0.006616354
v -0.04836118 0.08377564 0.02330607
v 0.01622021 0.09085822 0.01112348
v -0.01860392 0.09152913 0.009199023
v 0.01521406 0.09007406 0.02905679
v 0.01623201 0.09503758 0.01236713
v -0.05817023 -0.04563427 -0.03400642
v 0.05065516 -0.04773092 -0.02799243
v 0.07162637 0.02629375 0.01352936
v 0.07264432 0.03125727 -0.003160298
v 0.06295571 0.03899944 0.01677918
v 0.06397367 0.04396296 8.952618E-05
v 0.06619754 -0.04632604 -0.008398771
v 0.05137604 -0.05356371 -0.01145524
v -0.07135773 -0.04367578 -0.01600045
v -0.07528746 0.05918479 -0.003877461
v -0.07630539 0.05422127 0.0128122
v -0.07525209 0.07172275 -0.0001465678
v -0.07627004 0.06675923 0.01654315
v -0.02033097 0.09657788 0.01059514
v -0.02134889 0.09161437 0.0272848
v 0.07172072 0.05972838 0.02347857
v 0.07059252 -0.0301429 0.0009977818
v 0.0694657 -0.04340339 0.012272
v 0.07381165 -0.0434773 0.01261944
v 0.07493848 -0.03021681 0.001345158
v -0.0684787 -0.02777648 -0.01011866
v -0.07172328 0.01469815 0.03951442
v -0.07606927 0.01477206 0.03916705
v -0.07186893 -0.02884996 -0.01172012
v -0.06370008 -0.03351378 -0.01638907
v 0.06667915 -0.03573227 -0.005967379
v 0.06734791 0.01233172 0.05063093
v -0.06960553 -0.04103696 0.001155615
v -0.07285011 0.001437664 0.0507887
v 0.06622109 -0.0009286404 0.06190515
v -0.07299575 -0.04211044 -0.0004458427
v 0.06555232 -0.04899263 0.0053069
v -0.06482691 -0.04677415 -0.005114734
v -0.05479184 -0.0364933 -0.01900315
v 0.05385754 -0.03834212 -0.01031846
v -0.06709033 -0.03458726 -0.01799053
v 0.05273071 -0.05160248 0.0009558797
v -0.05591866 -0.04975379 -0.007728875
v 0.07024246 -0.03692412 -0.007013083
v -0.05570236 -0.05258536 -0.01103777
v 0.05585548 -0.04176962 -0.01415014
v -0.0602448 0.006879091 0.05844861
v 0.05709651 0.004882455 0.06782812
v -0.07719609 0.001511693 0.05044132
v 0.05822334 0.01814294 0.05655384
v -0.05911797 0.02013958 0.04717433
v 0.06144249 0.004808545 0.06817549
v 0.06256932 0.01806903 0.05690122
v -0.0604611 0.009710789 0.0617575
v 0.05688021 0.007714152 0.07113695
v -0.05933428 0.02297127 0.05048323
v 0.05800703 0.02097452 0.05986273
v -0.06936938 0.01269031 0.06437159
v 0.06100988 0.01047182 0.07479328
v 0.06213671 0.0237323 0.063519
v -0.06824255 0.02595079 0.05309737
v 0.06457317 0.009280086 0.07374763
v 0.06569999 0.02254045 0.06247336
v -0.07414797 0.01842761 0.07064199
v 0.06492323 0.01606119 0.08175838
v -0.0716328 0.02487731 0.05149585
v -0.07275963 0.01161683 0.06277013
v 0.06605005 0.02932167 0.07048416
v -0.07302114 0.03168797 0.05936772
v 0.06926921 0.01598728 0.08210582
v 0.07039604 0.02924764 0.07083154
v -0.07458055 0.02409089 0.07725966
v 0.06449062 0.02172446 0.0883761
v 0.06561744 0.03498483 0.07710183
v -0.07345375 0.03735125 0.06598538
v 0.06996343 0.03491092 0.0774492
v -0.06632125 0.02960622 0.0845722
v 0.05536607 0.02753568 0.09429908
v 0.05649289 0.04079604 0.08302486
v -0.06519443 0.04286671 0.07329798
v 0.05722216 0.02946186 0.0967502
v 0.05834898 0.04272234 0.08547592
v -0.04936996 0.03497374 0.09257954
v 0.04189551 0.0334208 0.09987468
v -0.06975672 0.04577231 0.07625943
v -0.07088354 0.03251183 0.08753371
v 0.04302233 0.04668117 0.0886004
v -0.04824314 0.04823422 0.08130527
v 0.04284355 0.03601921 0.1030256
v 0.04397038 0.04927957 0.09175134
v -0.0237267 0.04019332 0.1012816
v 0.01104107 0.03960168 0.1040607
v -0.05111027 0.05167651 0.08506745
v -0.05223709 0.03841603 0.09634173
v 0.0121679 0.05286217 0.09278643
v -0.02259988 0.0534538 0.09000731
v 0.01082477 0.04243338 0.1073696
v 0.0119516 0.05569375 0.09609532
v -0.05457553 -0.039325 -0.02231205
v 0.05407384 -0.0411737 -0.01362735
v 0.07056707 -0.00100255 0.06225258
v 0.0716939 0.01225781 0.0509783
v 0.06122619 0.007640123 0.07148433
v 0.06235301 0.02090061 0.06021011
v 0.06911564 -0.05018449 0.004261255
v 0.05472866 -0.05503011 -0.002875865
v -0.06821716 -0.04784763 -0.006716192
v -0.0773671 0.031762 0.05902028
v -0.07849392 0.01850152 0.07029456
v -0.07801604 0.04025686 0.0689469
v -0.07914287 0.02699637 0.08022112
v -0.02459785 0.05688131 0.09383899
v -0.02572468 0.04362082 0.1051133
v 0.0688366 0.02165043 0.08872348
v 0.07585567 -0.0346756 0.03232777
v 0.07585567 -0.05211747 0.03232777
v 0.08021617 -0.05211747 0.03232777
v 0.08021617 -0.0346756 0.03232777
v -0.06367916 -0.0346756 0.03232777
v -0.06367916 -0.0346756 0.09773472
v -0.06803963 -0.0346756 0.09773472
v -0.06716752 -0.0346756 0.03058362
v -0.05931869 -0.0346756 0.02360678
v 0.07149523 -0.0346756 0.02360684
v 0.07585567 -0.03467572 0.09773478
v -0.06367916 -0.05211747 0.03232777
v -0.06367916 -0.05211747 0.09773472
v 0.07585567 -0.05211747 0.09773478
v -0.06716752 -0.05211747 0.03058362
v 0.07149523 -0.05211747 0.02360684
v -0.05931869 -0.05211747 0.02360684
v -0.05059776 -0.0346756 0.01924634
v 0.05841383 -0.0346756 0.01924634
v -0.06280705 -0.0346756 0.02186263
v 0.05841383 -0.05211747 0.0192464
v -0.05059776 -0.05211747 0.0192464
v 0.0749836 -0.0346756 0.02186257
v -0.05059776 -0.05211747 0.01488584
v 0.06015801 -0.0346756 0.01401377
v -0.05059779 -0.05211747 0.1064556
v 0.06713474 -0.05211747 0.1064557
v -0.06803966 -0.05211747 0.09773472
v 0.06713474 -0.03467572 0.1064557
v -0.05059779 -0.0346756 0.1064556
v 0.07149521 -0.05211747 0.1064557
v 0.07149523 -0.03467572 0.1064557
v -0.05059779 -0.05211747 0.1108161
v 0.06713474 -0.05211747 0.1108161
v -0.05059779 -0.0346756 0.1108161
v 0.06713474 -0.03467572 0.1108161
v -0.05931872 -0.05211747 0.1151766
v 0.07149521 -0.05211747 0.1151766
v 0.07149521 -0.03467572 0.1151766
v -0.05931872 -0.0346756 0.1151766
v 0.07498357 -0.05211747 0.1134325
v 0.0749836 -0.03467572 0.1134325
v -0.06367916 -0.05211747 0.1238975
v 0.07585567 -0.05211747 0.1238976
v -0.06280708 -0.0346756 0.1134324
v -0.06280708 -0.05211747 0.1134324
v 0.07585567 -0.03467572 0.1238976
v -0.06367916 -0.0346756 0.1238975
v 0.08021614 -0.05211759 0.1238976
v 0.08021611 -0.03467572 0.1238976
v -0.06367916 -0.05211747 0.1326184
v 0.07585567 -0.05211747 0.1326184
v 0.07585567 -0.03467572 0.1326184
v -0.06367916 -0.0346756 0.1326184
v 0.08021611 -0.03467572 0.1326184
v -0.05495825 -0.05211747 0.1413394
v 0.06713474 -0.05211747 0.1413394
v 0.06713474 -0.03467572 0.1413394
v -0.05495825 -0.0346756 0.1413394
v 0.06914729 -0.05211747 0.1443582
v 0.06914729 -0.03467572 0.1443582
v -0.03751639 -0.05211747 0.1500603
v 0.05405334 -0.05211747 0.1500603
v -0.05931872 -0.0346756 0.1456998
v -0.05931872 -0.05211747 0.1456998
v 0.05405334 -0.03467572 0.1500603
v -0.03751639 -0.0346756 0.1500603
v 0.05520517 -0.05211747 0.1540917
v 0.05520517 -0.03467572 0.1540917
v -0.01135361 -0.05211747 0.1587812
v 0.0235301 -0.05211747 0.1587812
v -0.04013267 -0.0346756 0.1552928
v -0.04013267 -0.05211747 0.1552928
v 0.0235301 -0.03467572 0.1587812
v -0.01135361 -0.0346756 0.1587812
v 0.0235301 -0.05211747 0.1631417
v 0.0235301 -0.03467572 0.1631417
v -0.05059776 -0.0346756 0.01488578
v 0.05841383 -0.03467572 0.01488584
v 0.08021614 -0.05211747 0.09773478
v 0.08021614 -0.03467572 0.09773478
v 0.07149521 -0.05211747 0.1108161
v 0.07149523 -0.03467572 0.1108161
v 0.0749836 -0.05211747 0.02186263
v 0.06015801 -0.05211747 0.01401377
v -0.06280705 -0.05211747 0.02186269
v -0.06803963 -0.0346756 0.1238975
v -0.06803963 -0.05211747 0.1238975
v -0.06803966 -0.0346756 0.1369789
v -0.06803966 -0.05211747 0.1369789
v -0.01309779 -0.0346756 0.1640137
v -0.01309779 -0.05211747 0.1640137
v 0.08021614 -0.05211759 0.1326184
vn -2.683033E-05 -1 -2.517822E-07
vn 7.108855E-08 1.760784E-07 -1
vn 1.701293E-07 1.760784E-07 -1
vn 1.753962E-07 1.760784E-07 -1
vn -1.753962E-07 -1.760784E-07 1
vn -0.4472316 0.8944182 -2.550199E-07
vn -1.762121E-07 -3.156314E-06 1
vn 3.501439E-07 1 2.364613E-07
vn 1.774091E-07 3.156276E-06 -1
vn -0.4472088 0.8944296 -2.273426E-06
vn -1.764957E-07 -3.156278E-06 1
vn 0.4472204 0.8944238 -2.68552E-06
vn -0.8467663 -0.2822516 -0.4509113
vn -8.1383E-08 1.314039E-06 1
vn -3.501438E-07 -1 -2.324245E-07
vn 1.726606E-07 1.760784E-07 -1
vn -8.193612E-05 -1 1.12306E-06
vn -1.756462E-07 -1.760784E-07 1
vn -1 -4.22538E-08 -1.753962E-07
vn 1.834332E-07 1.760784E-07 -1
vn -0.707105 -0.7071085 -5.809244E-07
vn -1.756462E-07 -1.760784E-07 1
vn 1 -8.865864E-07 1.75396E-07
vn 1.695645E-07 1.760784E-07 -1
vn -0.44721 -0.8944289 -1.703894E-07
vn -1.765925E-07 -1.666187E-06 1
vn 0.447219 -0.8944245 -1.833322E-08
vn 1.314067E-07 9.211328E-07 -1
vn -2.683448E-05 -1 5.483017E-07
vn -2.212634E-07 5.689849E-07 1
vn 1.828481E-07 1.760784E-07 -1
vn -3.501437E-07 -1 -4.61078E-07
vn -2.686483E-07 -1.760783E-07 1
vn 1.807219E-07 1.760784E-07 -1
vn 0.8320286 -0.5547327 2.372249E-07
vn -1.760522E-07 -1.760784E-07 1
vn -0.7071052 -0.7071083 -2.863789E-07
vn 1.722698E-07 1.760784E-07 -1
vn 0.9615235 -0.2747227 1.030855E-07
vn -1.762708E-07 -1.760784E-07 1
vn -0.894427 -0.447214 4.63131E-08
vn 1.624472E-07 1.760784E-07 -1
vn 1 -9.58925E-08 1.2883E-07
vn 1.799418E-07 -2.804122E-06 -1
vn -1.592527E-07 -1.760784E-07 1
vn 3.501438E-07 1 2.071603E-07
vn 6.860647E-08 1.760784E-07 -1
vn 1 1.0454E-05 -3.164828E-06
vn -3.501438E-07 -1 -1.139148E-07
vn 5.526966E-07 -9.211336E-07 1
vn 8.193612E-05 1 -1.111446E-06
vn 8.295456E-08 1.760784E-07 -1
vn 0.7071044 0.7071091 2.17249E-07
vn -3.501438E-07 -1 -2.382421E-07
vn 0.7071046 0.707109 2.798112E-07
vn 3.501438E-07 1 1.150784E-07
vn -1.821463E-07 -1.760784E-07 1
vn 3.501438E-07 1 1.162418E-07
vn 2.191657E-07 1.760784E-07 -1
vn 1 3.41569E-05 -6.147462E-07
vn -2.955542E-06 1.666182E-06 -1
vn -0.4470831 -0.8944924 -2.457368E-06
vn 3.41343E-06 -4.741016E-07 1
vn 0.8944272 -0.4472136 6.776826E-08
vn 1.373113E-07 1.760784E-07 -1
vn -0.9486539 -0.3163159 -9.938127E-07
vn 6.893566E-06 -2.068453E-05 1
vn 0.4678874 -0.8837881 2.705937E-06
vn 0.4470824 0.8944927 -4.430863E-07
vn 0.4678376 -0.8838145 4.964778E-07
vn -1.757039E-07 5.784326E-06 1
vn 0.9486845 0.3162242 -6.5673E-07
vn -0.00787402 -0.999969 3.102919E-06
vn -1 1.735937E-06 -3.616626E-07
vn 0.8852141 9.663139E-07 0.4651837
vn -3.501438E-07 -1 -8.336013E-08
vn 1.825381E-06 3.797574E-06 1
vn 1 -1.415307E-07 1.753962E-07
vn -1.799365E-06 -3.797579E-06 -1
vn -0.496143 -0.8682408 1.862167E-06
vn -1.571707E-07 -1.760784E-07 1
vn 0.4472091 -0.8944295 2.711884E-06
vn 3.081255E-07 1.760784E-07 -1
vn -0.8943963 -0.4472755 -2.623512E-07
vn -0.4469775 0.8945452 -2.488625E-06
vn -0.4961432 -0.8682407 2.491731E-06
vn 3.501438E-07 1 1.479055E-07
vn 2.801109E-06 -1.760793E-07 1
vn 0.4472095 -0.8944293 2.681943E-07
vn -0.9999157 -0.01298581 2.59081E-06
vn -3.501438E-07 -1 -4.569374E-08
vn 2.946262E-07 1.760784E-07 -1
vn 0.7071047 0.7071089 1.497274E-07
vn -1.977513E-07 1.314047E-06 1
vn -1 9.635793E-07 -9.261177E-08
vn -0.7071047 -0.7071087 1.136584E-07
vn 2.372131E-07 1.760784E-07 -1
vn 0.7071049 0.7071087 2.241623E-07
vn -9.410566E-07 -9.21137E-07 1
vn -0.7071083 0.7071053 3.882274E-08
vn 0.7070839 0.7071297 8.077275E-07
vn 1.581063E-07 1.760784E-07 -1
vn 0.8944268 0.4472144 3.038192E-07
vn -1.795588E-07 -1.760784E-07 1
vn -0.4472128 0.8944277 9.015671E-08
vn 1.624287E-07 1.760784E-07 -1
vn 0.9486833 0.3162279 2.385405E-07
vn -3.278942E-07 1.016018E-06 1
vn -0.3070022 0.9517088 -1.070627E-06
vn -1.7624E-07 -1.760784E-07 1
vn -0.9486833 -0.3162276 -1.107209E-07
vn 1.69925E-07 1.760784E-07 -1
vn 0.02380408 0.9997166 -7.857416E-09
vn 6.975501E-07 2.804155E-06 1
vn -1 -6.661656E-07 -1.574379E-07
vn 1.883484E-07 1.760784E-07 -1
vn 0.2747212 0.9615239 8.512683E-08
vn -1.579998E-07 -1.760784E-07 1
vn -0.9615235 0.2747226 -1.139406E-07
vn 2.427555E-07 1.760784E-07 -1
vn 0.5724227 0.8199587 -1.382076E-06
vn 1.286833E-06 1.314032E-06 1
vn -0.8320482 0.5547034 -2.338765E-07
vn -1.354761E-06 -1.314032E-06 -1
vn 0.7275917 0.6860105 1.211457E-07
vn -3.168192E-06 -1.760774E-07 1
vn 3.501438E-07 1 3.357878E-08
vn 3.036406E-06 1.760785E-07 -1
vn 1 6.5438E-05 2.831453E-07
vn -1.753607E-07 -1.760784E-07 1
vn 3.501436E-07 1 -5.556526E-07
vn 2.892256E-07 1.760784E-07 -1
vn 0.8944271 -0.4472138 6.341839E-08
vn -2.683807E-05 -1 -7.99098E-08
vn 0.7276235 0.6859767 2.188159E-06
vn 7.094667E-08 1.760784E-07 -1
vn 2.768879E-05 1 -3.223249E-07
vn -1.29986E-05 -7.010674E-06 1
vn -0.894427 -0.4472141 -2.185934E-07
vn -8.315309E-07 -1.810728E-06 -1
vn -0.4472188 0.8944246 2.004785E-07
vn 8.170185E-07 1.810728E-06 1
vn -0.4961399 -0.8682426 -2.527451E-07
vn -0.4472318 0.8944181 2.128919E-07
vn -0.4961254 -0.8682508 -3.196275E-07
vn -1.063872E-06 1.964214E-06 -1
vn 1 1.862989E-07 1.753962E-07
vn 1.479133E-05 -2.580821E-05 1
vn -0.6000096 0.7999928 1.368769E-07
vn -3.501438E-07 -1 -2.324244E-07
vn -0.5999992 0.8000006 1.313655E-07
vn -1.720211E-07 -1.760784E-07 1
vn 0.4472099 0.894429 -1.570789E-08
vn 5.176263E-08 1.760784E-07 -1
vn 0.8944408 -0.4471863 -8.183075E-07
vn -0.8852141 3.99482E-07 -0.4651837
vn -0.002704572 -0.9584613 -0.2852099
vn 0.05836238 0.2845736 -0.956876
vn 0.05836248 0.2845736 -0.956876
vn 0.05836248 0.2845736 -0.956876
vn -0.05836248 -0.2845736 0.956876
vn -0.4440265 0.8658772 0.2304283
vn -0.05836249 -0.2845765 0.9568751
vn 0.4488744 0.8486695 0.2797712
vn 0.05836249 0.2845765 -0.9568751
vn -0.4440261 0.865878 0.2304261
vn -0.05836249 -0.2845765 0.9568751
vn 0.4488753 0.8486699 0.2797683
vn -0.1000913 0.2840327 -0.953576
vn -0.05836238 -0.2845722 0.9568765
vn -0.002704563 -0.9584612 -0.2852101
vn 0.05836248 0.2845736 -0.956876
vn -0.002704564 -0.9584612 -0.28521
vn -0.05836248 -0.2845736 0.956876
vn -0.9982918 0.01923312 -0.05516864
vn 0.05836249 0.2845736 -0.956876
vn -0.7078093 -0.6641361 -0.2406847
vn -0.05836248 -0.2845736 0.956876
vn 0.9982918 -0.01923401 0.05516838
vn 0.05836248 0.2845736 -0.956876
vn -0.4488648 -0.8486742 -0.279772
vn -0.05836249 -0.284575 0.9568756
vn 0.4440364 -0.8658726 -0.2304263
vn 0.05836244 0.2845743 -0.9568758
vn -0.002704555 -0.9584612 -0.2852102
vn -0.05836252 -0.2845729 0.9568762
vn 0.05836249 0.2845736 -0.956876
vn -0.00270455 -0.9584612 -0.2852103
vn -0.05836257 -0.2845736 0.956876
vn 0.05836249 0.2845736 -0.956876
vn 0.8291274 -0.5476637 -0.1123038
vn -0.05836248 -0.2845736 0.956876
vn -0.8941084 -0.4114348 -0.1768942
vn 0.05836248 0.2845736 -0.956876
vn 0.9591382 -0.2818042 -0.02530774
vn -0.05836248 -0.2845736 0.956876
vn -0.9479179 -0.2848461 -0.1425289
vn 0.05836247 0.2845736 -0.956876
vn 0.9982918 -0.01923324 0.05516855
vn 0.05836248 0.2845708 -0.9568769
vn -0.05836247 -0.2845736 0.956876
vn 0.002704564 0.9584612 0.28521
vn 0.05836238 0.2845736 -0.956876
vn 0.9982918 -0.0192335 0.05516853
vn -0.00270457 -0.9584613 -0.28521
vn -0.05836176 -0.2845743 0.9568759
vn 0.00270457 0.9584613 0.28521
vn 0.05836239 0.2845736 -0.956876
vn 0.7078087 0.6641368 0.2406845
vn -0.002704563 -0.9584612 -0.2852101
vn 0.7078089 0.6641366 0.2406846
vn 0.00270457 0.9584613 0.28521
vn -0.05836249 -0.2845736 0.956876
vn 0.00270457 0.9584613 0.28521
vn 0.05836252 0.2845736 -0.956876
vn 0.9982918 -0.01923382 0.05516852
vn 0.05835936 0.2845751 -0.9568757
vn -0.4488749 -0.8486701 -0.2797685
vn -0.0583589 -0.284574 0.9568761
vn 0.89169 -0.4458396 -0.07820549
vn 0.05836244 0.2845736 -0.956876
vn -0.9479192 -0.2848425 -0.142527
vn -0.05836248 -0.2845736 0.956876
vn 0.464698 -0.8560764 -0.2262498
vn 0.4488752 0.84867 0.2797683
vn 0.464698 -0.8560764 -0.22625
vn -0.05836247 -0.2845679 0.9568777
vn 0.9479191 0.2848426 0.1425271
vn -0.01056489 -0.958281 -0.2856324
vn -0.9982918 0.01923488 -0.05516831
vn 0.1000912 -0.2840356 0.9535752
vn -0.002704572 -0.9584613 -0.2852099
vn -0.05836047 -0.2845698 0.9568772
vn 0.9982918 -0.0192333 0.05516859
vn 0.0583605 0.2845698 -0.9568772
vn -0.4976435 -0.8226334 -0.2750005
vn -0.05836246 -0.2845736 0.956876
vn 0.4440263 -0.865878 -0.2304257
vn 0.05836261 0.2845736 -0.956876
vn -0.8941084 -0.4114348 -0.1768942
vn -0.4440264 0.865878 0.2304255
vn -0.4976438 -0.8226334 -0.2749999
vn 0.002704568 0.9584612 0.28521
vn -0.05835951 -0.2845737 0.9568762
vn -0.002704561 -0.9584612 -0.2852101
vn -0.9982918 0.01923344 -0.05516854
vn -0.002704574 -0.9584613 -0.2852099
vn 0.0583626 0.2845736 -0.956876
vn 0.707809 0.6641366 0.2406844
vn -0.0583625 -0.2845722 0.9568765
vn -0.9982918 0.01923406 -0.05516827
vn -0.7078091 -0.6641365 -0.2406841
vn 0.05836254 0.2845736 -0.956876
vn 0.7078092 0.6641364 0.2406844
vn -0.05836325 -0.2845743 0.9568757
vn -0.7039883 0.6913329 0.1626633
vn 0.7078094 0.6641364 0.2406839
vn 0.05836246 0.2845736 -0.956876
vn 0.8941082 0.411435 0.1768944
vn -0.05836248 -0.2845736 0.956876
vn -0.4440301 0.8658755 0.2304276
vn 0.05836247 0.2845736 -0.956876
vn 0.9479179 0.284846 0.1425289
vn -0.05836263 -0.2845725 0.9568763
vn -0.3131216 0.9153584 0.2531282
vn -0.05836248 -0.2845736 0.956876
vn -0.9982918 0.01923312 -0.05516864
vn 0.05836248 0.2845736 -0.956876
vn 0.00270456 0.9584612 0.2852101
vn -0.0583616 -0.2845708 0.9568769
vn -0.9591382 0.2818041 0.02530767
vn 0.0583625 0.2845736 -0.956876
vn 0.2768521 0.9162997 0.2893921
vn -0.05836246 -0.2845736 0.956876
vn -0.8291278 0.5476633 0.1123035
vn 0.05836255 0.2845736 -0.956876
vn 0.5560025 0.7868195 0.2679112
vn -0.05836102 -0.2845722 0.9568765
vn -0.7039848 0.6913362 0.1626644
vn 0.05836095 0.2845722 -0.9568765
vn 0.728204 0.6435206 0.2357972
vn -0.05836547 -0.2845736 0.9568759
vn 0.002704575 0.9584613 0.2852099
vn 0.05836534 0.2845736 -0.9568759
vn 0.9982918 -0.0192336 0.05516841
vn -0.05836248 -0.2845736 0.956876
vn 0.4488749 0.8486692 0.2797711
vn 0.0583626 0.2845736 -0.956876
vn 0.8916899 -0.4458397 -0.07820553
vn -0.002704562 -0.9584612 -0.2852101
vn 0.7282037 0.6435208 0.2357972
vn 0.05836238 0.2845736 -0.956876
vn -0.4440365 0.8658726 0.2304264
vn -0.05836247 -0.2845736 0.956876
vn -0.8941085 -0.4114347 -0.1768942
vn 0.05836147 0.2845717 -0.9568766
vn -0.4440362 0.8658727 0.2304265
vn -0.05836149 -0.2845717 0.9568766
vn -0.4976403 -0.8226345 -0.2750028
vn -0.4440368 0.8658724 0.2304264
vn -0.4976405 -0.8226344 -0.2750028
vn 0.05836125 0.2845753 -0.9568756
vn 0.9982918 -0.01923298 0.05516868
vn -0.0583613 -0.2845753 0.9568756
vn -0.5968109 0.7783093 0.1950671
vn -0.002704563 -0.9584612 -0.2852101
vn -0.5968109 0.7783094 0.1950671
vn -0.05836248 -0.2845736 0.956876
vn 0.7078093 0.6641362 0.2406845
vn 0.05836236 0.2845736 -0.956876
vn 0.70399 -0.6913314 -0.1626626
vn 0.04960642 -0.6493906 -0.7588353
vn 0.06460466 0.7602659 -0.6463915
vn 0.06460476 0.7602659 -0.6463915
vn 0.06460477 0.7602659 -0.6463915
vn -0.06460477 -0.7602659 0.6463915
vn -0.490093 0.5884182 0.6430963
vn -0.06460462 -0.7602679 0.6463892
vn 0.4013641 0.5732462 0.7143497
vn 0.06460462 0.7602679 -0.6463892
vn -0.4900925 0.5884201 0.643095
vn -0.06460462 -0.7602679 0.6463892
vn 0.401365 0.5732482 0.7143477
vn -0.09367199 0.7533931 -0.6508643
vn -0.06460474 -0.7602649 0.6463926
vn 0.04960643 -0.6493905 -0.7588354
vn 0.06460477 0.7602659 -0.6463915
vn 0.04960643 -0.6493906 -0.7588354
vn -0.06460477 -0.7602659 0.6463915
vn -0.9966772 0.01695895 -0.0796681
vn 0.06460477 0.7602659 -0.6463915
vn -0.6696781 -0.4471976 -0.5929128
vn -0.06460477 -0.7602659 0.6463915
vn 0.9966772 -0.01695956 0.07966739
vn 0.06460476 0.7602659 -0.6463915
vn -0.4013543 -0.5732495 -0.7143525
vn -0.06460469 -0.7602669 0.6463904
vn 0.4901025 -0.5884153 -0.6430917
vn 0.06460468 0.7602664 -0.6463909
vn 0.04960644 -0.6493905 -0.7588355
vn -0.06460485 -0.7602654 0.646392
vn 0.06460477 0.7602659 -0.6463915
vn 0.04960644 -0.6493903 -0.7588356
vn -0.06460486 -0.7602659 0.6463915
vn 0.06460477 0.7602659 -0.6463915
vn 0.856801 -0.3743293 -0.3546402
vn -0.06460477 -0.7602659 0.6463915
vn -0.86927 -0.2752481 -0.4106191
vn 0.06460476 0.7602659 -0.6463915
vn 0.9719567 -0.1947088 -0.1318666
vn -0.06460477 -0.7602659 0.6463915
vn -0.9298439 -0.1892668 -0.3155447
vn 0.06460475 0.7602659 -0.6463915
vn 0.9966772 -0.01695901 0.07966796
vn 0.06460492 0.760264 -0.6463938
vn -0.06460475 -0.7602659 0.6463915
vn -0.04960643 0.6493906 0.7588354
vn 0.06460466 0.7602659 -0.6463915
vn 0.9966772 -0.01695921 0.0796678
vn 0.04960642 -0.6493906 -0.7588353
vn -0.06460401 -0.7602664 0.646391
vn -0.04960642 0.6493906 0.7588353
vn 0.06460468 0.7602659 -0.6463915
vn 0.6696775 0.4471982 0.592913
vn 0.04960643 -0.6493905 -0.7588354
vn 0.6696777 0.4471981 0.5929129
vn -0.04960642 0.6493906 0.7588353
vn -0.06460477 -0.7602659 0.6463915
vn -0.04960642 0.6493906 0.7588353
vn 0.06460481 0.7602659 -0.6463915
vn 0.9966772 -0.01695947 0.07966762
vn 0.06460157 0.760267 -0.6463906
vn -0.4013647 -0.5732483 -0.7143478
vn -0.06460118 -0.7602662 0.6463916
vn 0.91364 -0.3055849 -0.2681042
vn 0.06460473 0.7602659 -0.6463915
vn -0.9298455 -0.1892649 -0.3155412
vn -0.06460476 -0.7602659 0.6463915
vn 0.5101743 -0.5818607 -0.6333721
vn 0.4013649 0.5732483 0.7143477
vn 0.5101743 -0.5818606 -0.6333722
vn -0.06460506 -0.7602621 0.646396
vn 0.9298454 0.1892649 0.3155414
vn 0.04175717 -0.6492394 -0.759437
vn -0.9966773 0.01696025 -0.07966687
vn 0.09367204 -0.753395 0.6508622
vn 0.04960642 -0.6493906 -0.7588353
vn -0.06460297 -0.7602634 0.6463947
vn 0.9966772 -0.01695907 0.07966796
vn 0.06460299 0.7602634 -0.6463947
vn -0.4514239 -0.5554149 -0.6983772
vn -0.06460474 -0.7602659 0.6463915
vn 0.4900927 -0.5884204 -0.6430946
vn 0.0646049 0.7602659 -0.6463915
vn -0.86927 -0.2752481 -0.4106191
vn -0.4900927 0.5884205 0.6430944
vn -0.4514242 -0.5554153 -0.6983767
vn -0.04960642 0.6493906 0.7588353
vn -0.0646018 -0.7602659 0.6463917
vn 0.04960643 -0.6493905 -0.7588354
vn -0.9966772 0.01695917 -0.07966784
vn 0.04960642 -0.6493907 -0.7588353
vn 0.06460489 0.7602659 -0.6463915
vn 0.6696777 0.4471982 0.5929128
vn -0.06460486 -0.7602649 0.6463926
vn -0.9966772 0.01695954 -0.07966728
vn -0.6696778 -0.4471982 -0.5929125
vn 0.06460483 0.7602659 -0.6463915
vn 0.669678 0.4471979 0.5929127
vn -0.06460549 -0.7602664 0.6463909
vn -0.7398359 0.4711793 0.4802426
vn 0.6696782 0.4471982 0.5929123
vn 0.06460475 0.7602659 -0.6463915
vn 0.8692698 0.2752482 0.4106193
vn -0.06460477 -0.7602659 0.6463915
vn -0.4900964 0.5884172 0.6430947
vn 0.06460475 0.7602659 -0.6463915
vn 0.929844 0.1892667 0.3155447
vn -0.06460498 -0.7602651 0.6463924
vn -0.3622375 0.621429 0.6947014
vn -0.06460477 -0.7602659 0.6463915
vn -0.9966772 0.01695895 -0.0796681
vn 0.06460476 0.7602659 -0.6463915
vn -0.04960643 0.6493905 0.7588354
vn -0.06460404 -0.760264 0.6463938
vn -0.9719567 0.1947088 0.1318665
vn 0.06460478 0.7602659 -0.6463915
vn 0.2261103 0.6197457 0.7515247
vn -0.06460475 -0.7602659 0.6463915
vn -0.8568014 0.3743289 0.3546397
vn 0.06460483 0.7602659 -0.6463915
vn 0.5115815 0.5309185 0.6755812
vn -0.06460338 -0.760265 0.6463928
vn -0.7398326 0.4711815 0.4802453
vn 0.06460331 0.760265 -0.6463928
vn 0.6911433 0.4331496 0.5785347
vn -0.06460775 -0.7602659 0.6463913
vn -0.04960642 0.6493907 0.7588353
vn 0.06460762 0.7602659 -0.6463913
vn 0.9966772 -0.01695923 0.07966765
vn -0.06460477 -0.7602659 0.6463915
vn 0.4013646 0.5732461 0.7143496
vn 0.06460488 0.7602659 -0.6463915
vn 0.91364 -0.305585 -0.2681043
vn 0.04960643 -0.6493905 -0.7588354
vn 0.691143 0.4331497 0.5785348
vn 0.06460466 0.7602659 -0.6463915
vn -0.4901026 0.5884151 0.6430918
vn -0.06460475 -0.7602659 0.6463915
vn -0.8692701 -0.2752481 -0.4106191
vn 0.06460386 0.7602646 -0.6463931
vn -0.4901023 0.5884152 0.643092
vn -0.06460387 -0.7602646 0.6463931
vn -0.4514207 -0.5554145 -0.6983796
vn -0.4901029 0.588415 0.6430917
vn -0.4514208 -0.5554144 -0.6983795
vn 0.06460344 0.7602671 -0.6463903
vn 0.9966772 -0.01695886 0.07966821
vn -0.06460349 -0.7602671 0.6463902
vn -0.6376909 0.5296881 0.5592679
vn 0.04960643 -0.6493905 -0.7588354
vn -0.637691 0.5296881 0.559268
vn -0.06460476 -0.7602659 0.6463915
vn 0.6696781 0.4471978 0.5929126
vn 0.06460464 0.7602659 -0.6463915
vn 0.7398375 -0.4711784 -0.480241
vn 1.743929E-07 1.769487E-08 -1
vn 7.108856E-08 1 1.192093E-07
vn 1.701293E-07 1 1.192093E-07
vn 1.753962E-07 1 1.192093E-07
vn -1.753962E-07 -1 -1.192093E-07
vn -0.4472097 -1.726224E-08 0.8944293
vn -1.762105E-07 -1 -3.099445E-06
vn 0.4472192 -1.738606E-07 0.8944245
vn 1.774075E-07 1 3.099408E-06
vn -0.4472093 2.324291E-06 0.8944294
vn -1.764941E-07 -1 -3.09941E-06
vn 0.4472199 2.736385E-06 0.8944241
vn -0.1579904 0.9874407 -5.677143E-06
vn -8.138379E-08 -1 1.370908E-06
vn 1.743929E-07 1.755553E-07 -1
vn 1.726606E-07 1 1.192093E-07
vn 1.743929E-07 1.497093E-07 -1
vn -1.756462E-07 -1 -1.192093E-07
vn -1 1.753962E-07 -5.667906E-07
vn 1.834332E-07 1 1.192093E-07
vn -0.7071047 5.407118E-07 -0.7071089
vn -1.756462E-07 -1 -1.192093E-07
vn 1 -1.753961E-07 -3.620497E-07
vn 1.695645E-07 1 1.192093E-07
vn -0.4472096 1.195239E-07 -0.8944293
vn -1.765917E-07 -1 -1.609318E-06
vn 0.4472195 -3.253199E-08 -0.8944243
vn 1.314063E-07 1 8.642638E-07
vn 1.743929E-07 3.078011E-07 -1
vn -2.212638E-07 -1 6.258541E-07
vn 1.828481E-07 1 1.192093E-07
vn 1.74393E-07 4.042089E-07 -1
vn -2.686483E-07 -1 -1.192093E-07
vn 1.807219E-07 1 1.192093E-07
vn 0.832049 -3.97536E-08 -0.5547022
vn -1.760522E-07 -1 -1.192093E-07
vn -0.8944267 1.84722E-07 -0.4472147
vn 1.722698E-07 1 1.192093E-07
vn 0.9615237 -1.187088E-07 -0.2747222
vn -1.762708E-07 -1 -1.192093E-07
vn -0.9486831 1.748913E-07 -0.3162286
vn 1.624472E-07 1 1.192093E-07
vn 1 -1.288301E-07 4.286442E-07
vn 1.799434E-07 1 -2.860992E-06
vn -1.592527E-07 -1 -1.192093E-07
vn -1.743929E-07 -1.502911E-07 1
vn 6.860648E-08 1 1.192093E-07
vn 1 -1.753962E-07 1.743929E-07
vn 1.743929E-07 5.704564E-08 -1
vn 5.52697E-07 -1 -8.642643E-07
vn -1.743929E-07 -5.82092E-08 1
vn 8.295458E-08 1 1.192093E-07
vn 0.7071041 -1.770363E-07 0.7071095
vn 1.743929E-07 1.813729E-07 -1
vn 0.7071043 -2.395985E-07 0.7071094
vn -1.743929E-07 -5.820925E-08 1
vn -1.821464E-07 -1 -1.192093E-07
vn -1.743929E-07 -5.937265E-08 1
vn 2.191657E-07 1 1.192093E-07
vn 1 -2.581804E-07 -1.335648E-07
vn -2.955542E-06 1 1.609311E-06
vn -0.4472195 -2.615516E-06 -0.8944243
vn 3.41343E-06 -1 -4.172307E-07
vn 0.8944274 -9.320097E-08 -0.4472132
vn 1.373113E-07 1 1.192093E-07
vn -0.9486844 -7.480543E-07 -0.3162245
vn -1.720567E-07 -1 -1.192093E-07
vn 0.4678878 -2.756197E-06 -0.8837879
vn 0.4472198 2.750505E-06 0.8944242
vn 0.4678878 -2.644151E-06 -0.883788
vn -1.75707E-07 -1 5.841195E-06
vn 0.9486843 6.747135E-07 0.3162247
vn -0.007873496 -3.159786E-06 -0.9999691
vn -1 3.616628E-07 1.2114E-06
vn 0.1579904 -0.9874408 2.738506E-06
vn 1.743929E-07 2.649095E-08 -1
vn 1.825379E-06 -1 3.854445E-06
vn 1 -1.753962E-07 3.83006E-07
vn -1.799363E-06 1 -3.85445E-06
vn -0.4961426 -1.911543E-06 -0.8682412
vn -1.571707E-07 -1 -1.192093E-07
vn 0.4472095 -2.76275E-06 -0.8944293
vn 3.081255E-07 1 1.192093E-07
vn -0.8944267 1.581749E-07 -0.4472147
vn -0.4472096 2.912607E-06 0.8944293
vn -0.4961428 -2.541107E-06 -0.868241
vn -1.743929E-07 -9.103628E-08 1
vn 2.801109E-06 -1 -1.192087E-07
vn 1.743929E-07 2.207236E-07 -1
vn -1 1.753962E-07 -2.346185E-07
vn 1.743929E-07 -1.117545E-08 -1
vn 2.946262E-07 1 1.192093E-07
vn 0.7071043 -1.095148E-07 0.7071093
vn -1.977521E-07 -1 1.370917E-06
vn -1 9.261187E-08 4.390426E-07
vn -0.7071044 -1.538711E-07 -0.7071092
vn 2.372131E-07 1 1.192093E-07
vn 0.7071046 -1.839496E-07 0.7071091
vn -9.410562E-07 -1 -8.642684E-07
vn -0.7071087 1.38978E-09 0.707105
vn 0.7071047 3.020816E-07 0.7071089
vn 1.581063E-07 1 1.192093E-07
vn 0.8944265 -2.783866E-07 0.4472149
vn -1.795588E-07 -1 -1.192093E-07
vn -0.4472133 -3.929133E-08 0.8944275
vn 1.624287E-07 1 1.192093E-07
vn 0.9486831 -2.205569E-07 0.3162284
vn -3.278949E-07 -1 1.072887E-06
vn -0.3162277 -8.537609E-08 0.9486834
vn -1.7624E-07 -1 -1.192093E-07
vn -1 1.753962E-07 -5.720681E-07
vn 1.69925E-07 1 1.192093E-07
vn -1.743929E-07 -2.229655E-07 1
vn 6.975486E-07 -1 2.861025E-06
vn -0.9615237 1.770874E-07 0.2747222
vn 1.883484E-07 1 1.192093E-07
vn 0.2747207 -3.044576E-08 0.9615242
vn -1.579998E-07 -1 -1.192093E-07
vn -0.8320495 7.86932E-08 0.5547016
vn 2.427555E-07 1 1.192093E-07
vn 0.5546996 -2.722491E-07 0.8320508
vn 1.286832E-06 -1 1.370902E-06
vn -0.7071052 1.059121E-07 0.7071084
vn -1.354761E-06 1 -1.370902E-06
vn 0.7275913 -8.213287E-08 0.686011
vn -3.168192E-06 -1 -1.192098E-07
vn -1.743929E-07 2.329041E-08 1
vn 3.036406E-06 1 1.192109E-07
vn 1 -9.261194E-08 4.276506E-08
vn -1.753607E-07 -1 -1.192093E-07
vn 0.4472197 -1.40853E-07 0.8944242
vn 2.892256E-07 1 1.192093E-07
vn 0.8944274 -8.885111E-08 -0.4472134
vn 1.743929E-07 1.946692E-07 -1
vn 0.7275911 -8.213289E-08 0.6860111
vn 7.094668E-08 1 1.192093E-07
vn -0.4472196 -7.239439E-08 0.8944243
vn -1.629795E-07 -1 -1.192093E-07
vn -0.8944268 1.931608E-07 -0.4472146
vn -8.315298E-07 1 -1.867598E-06
vn -0.4472193 -1.496133E-07 0.8944244
vn 8.170175E-07 -1 1.867598E-06
vn -0.4961395 2.033688E-07 -0.8682429
vn -0.4472199 -1.496134E-07 0.8944241
vn -0.4961396 1.776784E-07 -0.8682428
vn -1.063873E-06 1 1.907344E-06
vn 1 -1.753963E-07 7.108356E-07
vn 1.017148E-06 -1 -1.907345E-06
vn -0.5999995 -8.58702E-08 0.8000003
vn 1.743929E-07 1.755552E-07 -1
vn -0.5999996 -8.587013E-08 0.8000004
vn -1.720211E-07 -1 -1.192093E-07
vn 0.7071047 -2.502954E-07 0.7071089
vn 5.176264E-08 1 1.192093E-07
vn 0.7071104 -1.721708E-07 -0.7071033
usemtl mat18
f 4//1 3//1 2//1 1//1
f 10//3 9//3 5//3 1//3
f 5//4 6//4 11//4 1//4
f 14//5 13//5 12//5 2//5
f 17//7 16//7 2//7 12//7
f 19//9 18//9 9//9 10//9
f 22//11 21//11 16//11 17//11
f 27//14 26//14 13//14 14//14
f 30//16 29//16 11//16 6//16
f 32//17 31//17 27//17 29//17
f 34//18 33//18 26//18 27//18
f 35//20 36//20 29//20 30//20
f 38//22 37//22 33//22 34//22
f 40//24 39//24 36//24 35//24
f 44//26 43//26 37//26 38//26
f 48//28 47//28 39//28 40//28
f 52//30 51//30 43//30 44//30
f 54//31 53//31 47//31 48//31
f 57//33 56//33 51//33 52//33
f 59//34 58//34 53//34 54//34
f 63//36 62//36 56//36 57//36
f 67//38 66//38 58//38 59//38
f 71//40 70//40 62//40 63//40
f 75//42 74//42 66//42 67//42
f 80//46 81//46 11//46 14//46
f 80//49 14//49 11//49
f 31//51 29//51 27//51
f 11//54 81//54 80//54
f 31//56 32//56 29//56
f 82//58 83//58 36//58 34//58
f 97//157 96//157 95//157 94//157
f 103//159 102//159 98//159 94//159
f 98//160 99//160 104//160 94//160
f 107//161 106//161 105//161 95//161
f 110//163 109//163 95//163 105//163
f 112//165 111//165 102//165 103//165
f 115//167 114//167 109//167 110//167
f 120//170 119//170 106//170 107//170
f 123//172 122//172 104//172 99//172
f 125//173 124//173 120//173 122//173
f 127//174 126//174 119//174 120//174
f 128//176 129//176 122//176 123//176
f 131//178 130//178 126//178 127//178
f 133//180 132//180 129//180 128//180
f 137//182 136//182 130//182 131//182
f 141//184 140//184 132//184 133//184
f 145//186 144//186 136//186 137//186
f 147//187 146//187 140//187 141//187
f 150//189 149//189 144//189 145//189
f 152//190 151//190 146//190 147//190
f 156//192 155//192 149//192 150//192
f 160//194 159//194 151//194 152//194
f 164//196 163//196 155//196 156//196
f 168//198 167//198 159//198 160//198
f 173//202 174//202 104//202 107//202
f 173//205 107//205 104//205
f 124//207 122//207 120//207
f 104//210 174//210 173//210
f 124//212 125//212 122//212
f 175//214 176//214 129//214 127//214
f 190//312 189//312 188//312 187//312
f 196//314 195//314 191//314 187//314
f 191//315 192//315 197//315 187//315
f 200//316 199//316 198//316 188//316
f 203//318 202//318 188//318 198//318
f 205//320 204//320 195//320 196//320
f 208//322 207//322 202//322 203//322
f 213//325 212//325 199//325 200//325
f 216//327 215//327 197//327 192//327
f 218//328 217//328 213//328 215//328
f 220//329 219//329 212//329 213//329
f 221//331 222//331 215//331 216//331
f 224//333 223//333 219//333 220//333
f 226//335 225//335 222//335 221//335
f 230//337 229//337 223//337 224//337
f 234//339 233//339 225//339 226//339
f 238//341 237//341 229//341 230//341
f 240//342 239//342 233//342 234//342
f 243//344 242//344 237//344 238//344
f 245//345 244//345 239//345 240//345
f 249//347 248//347 242//347 243//347
f 253//349 252//349 244//349 245//349
f 257//351 256//351 248//351 249//351
f 261//353 260//353 252//353 253//353
f 266//357 267//357 197//357 200//357
f 266//360 200//360 197//360
f 217//362 215//362 213//362
f 197//365 267//365 266//365
f 217//367 218//367 215//367
f 268//369 269//369 222//369 220//369
f 283//467 282//467 281//467 280//467
f 289//469 288//469 284//469 280//469
f 284//470 285//470 290//470 280//470
f 293//471 292//471 291//471 281//471
f 296//473 295//473 281//473 291//473
f 298//475 297//475 288//475 289//475
f 301//477 300//477 295//477 296//477
f 306//480 305//480 292//480 293//480
f 309//482 308//482 290//482 285//482
f 311//483 310//483 306//483 308//483
f 313//484 312//484 305//484 306//484
f 314//486 315//486 308//486 309//486
f 317//488 316//488 312//488 313//488
f 319//490 318//490 315//490 314//490
f 323//492 322//492 316//492 317//492
f 327//494 326//494 318//494 319//494
f 331//496 330//496 322//496 323//496
f 333//497 332//497 326//497 327//497
f 336//499 335//499 330//499 331//499
f 338//500 337//500 332//500 333//500
f 342//502 341//502 335//502 336//502
f 346//504 345//504 337//504 338//504
f 350//506 349//506 341//506 342//506
f 354//508 353//508 345//508 346//508
f 359//512 360//512 290//512 293//512
f 359//515 293//515 290//515
f 310//517 308//517 306//517
f 290//520 360//520 359//520
f 310//522 311//522 308//522
f 361//524 362//524 315//524 313//524
usemtl mat20
f 8//2 7//2 6//2 5//2
f 8//6 15//6 12//6 5//6
f 3//8 4//8 1//8 2//8
f 20//10 17//10 9//10
f 23//12 10//12 16//12
f 25//13 24//13 19//13
f 28//15 6//15 13//15
f 33//19 35//19 30//19 26//19
f 32//21 31//21 34//21 36//21
f 26//23 30//23 35//23 33//23
f 42//25 41//25 38//25 39//25
f 46//27 45//27 40//27 37//27
f 50//29 49//29 44//29 47//29
f 55//32 52//32 53//32
f 61//35 60//35 57//35 58//35
f 65//37 64//37 59//37 56//37
f 69//39 68//39 63//39 66//39
f 73//41 72//41 67//41 62//41
f 77//43 76//43 71//43 74//43
f 79//44 78//44 18//44 19//44
f 3//45 80//45 14//45 2//45
f 81//47 4//47 1//47 11//47
f 81//48 80//48 3//48 4//48
f 80//50 31//50 27//50 14//50
f 32//52 81//52 11//52 29//52
f 32//53 31//53 80//53
f 80//55 81//55 32//55
f 31//57 82//57 34//57 27//57
f 83//59 32//59 29//59 36//59
f 83//60 82//60 31//60 32//60
f 4//61 23//61 10//61 1//61
f 23//62 84//62 16//62 10//62
f 84//63 3//63 2//63 16//63
f 84//64 23//64 4//64 3//64
f 23//65 25//65 19//65 10//65
f 25//66 85//66 21//66 19//66
f 85//67 84//67 16//67 21//67
f 85//68 25//68 23//68
f 16//69 84//69 23//69
f 23//70 84//70 85//70
